1.200585079124117084e+07
2.830493447615575977e+06
2.053132226232163236e+07
1.606503305718134157e+06
4.785898225859914673e+05
5.704537691984538920e+06
6.889021796782988822e+05
4.823756328290678794e+05
1.908065554175700527e+06
1.133457970922481618e+05
4.192098634734041989e+06
4.965370210287109949e+05
4.190417843646670692e+06
1.847926964149620850e+06
1.463758283455270866e+05
1.168195422854623059e+06
1.590003480315401219e+06
3.150761125118052121e+06
4.078999013719312497e+05
1.231253991217083385e+05
2.118274716895080637e+06
1.182148670626634266e+05
1.183701635886689182e+06
4.788013581878676079e+06
5.788600785301054129e+05
9.576813283194744959e+06
4.096300388894898933e+05
1.099379114495031768e+06
1.744566468469422543e+06
1.470693934777884744e+06
4.951303250783791300e+05
3.469371274235046003e+06
5.676406292930291034e+06
2.496736893978320435e+07
4.651437294828772428e+05
1.463095103845087998e+07
7.775660796554279514e+05
1.288885742560052313e+06
4.543000394450909225e+05
1.017567025988782942e+07
2.685054148896496277e+06
7.236514067926626652e+06
4.601233834426744143e+05
2.037177261251833406e+05
3.453331995147342794e+06
1.084938411981882714e+07
6.564037707568863407e+06
3.445279924921719939e+05
9.952716743828781182e+05
1.477844670712836320e+06
1.528005971651491942e+06
2.279306904984279536e+05
4.057340006824662443e+06
2.185304553272018384e+05
2.127794747491890565e+06
3.524038604072426679e+05
5.847311243727225810e+06
4.574925958692394197e+06
2.960167191538483836e+06
6.966223363777525956e+05
1.098500139698246494e+07
4.080318065071616322e+06
3.985932514228218701e+06
3.188355725231385441e+05
3.457685496267095441e+05
2.808367170000721235e+06
3.829629792511771084e+05
1.382959255304707028e+07
6.570469676289552590e+05
9.052713599331593141e+05
2.675633083642305573e+05
2.525548370694398182e+05
3.448942575272255926e+05
1.607037729194471147e+06
7.997959566662051948e+05
1.960472776743213879e+06
8.545144314524830552e+05
1.070541269934275746e+07
1.947890996598189464e+06
3.754344492700807285e+06
2.219931358531213365e+06
7.460554436607925221e+06
4.392693064583458938e+06
8.100179541032550856e+06
3.010075223485567141e+06
3.101378036528826342e+05
4.324631387137396960e+05
9.320823515443926444e+05
4.434392659529109369e+05
1.482645190081384731e+06
8.789231193856686587e+05
2.237640327179283835e+06
2.913722891841119155e+06
2.157739940417343460e+05
2.969316546232752735e+05
1.970031966147722269e+05
4.728309209644746967e+06
1.979843665087995818e+06
1.152725407042728271e+06
5.434404066206356511e+05
1.659752088748745853e+06
3.155534155792657402e+05
3.471850708209177828e+05
5.756355106165728532e+06
6.790667621014745906e+06
1.080299821958849672e+06
2.615196621720266994e+06
2.730458700930811465e+06
2.601513885377833503e+05
6.458507393664019182e+05
6.699154123391283676e+06
3.388966117250446696e+05
8.309688637878963724e+06
3.907800434092714917e+06
1.555874291592032881e+06
7.606730156448123744e+05
5.324704556439967128e+05
2.419848506188643631e+06
3.747726519109058194e+06
1.439002899153825827e+06
8.534283234193664044e+06
1.468142564816716127e+06
3.825306699529531877e+06
1.699937807672579947e+05
7.237620534610808827e+05
3.115846775573034305e+06
2.617115856362151098e+05
7.606643206814947538e+06
1.573994010028057266e+06
1.604262173710364383e+06
7.580239722916233586e+05
9.451406373602088541e+06
1.160386015906960890e+07
1.816879719158223306e+05
1.530174379481665092e+05
7.231568151874368777e+05
1.108078815797029808e+07
1.405836747953300364e+05
2.084331648926336493e+05
4.756765953344926238e+05
4.300645491851788014e+06
2.674043915855140891e+06
2.652988613221679116e+05
3.634435984066489618e+05
5.173923574892119505e+06
1.337260094196613354e+05
2.412955599810756103e+05
3.474356278984779492e+06
1.905331753248719615e+05
1.563307156602448958e+05
3.702044636616465286e+05
1.342871732079581998e+05
2.400660068001153413e+05
1.259833688690333627e+06
8.208860620754066855e+06
7.417682977631555405e+05
9.062371748973004520e+06
5.473492288731547073e+06
3.092568958496414125e+06
1.036051202299499139e+07
1.974529089877243387e+06
1.461152232981380075e+07
5.369484116119056009e+06
5.574027562784578186e+05
1.031424356440311763e+06
1.835702921079155803e+07
6.597079482103818737e+04
2.303238695499665104e+06
1.118842968324609566e+06
4.045272794639858883e+06
1.157170267817513552e+06
1.377356090600185096e+06
3.982190405116547365e+06
1.278443515839453554e+06
5.428698612158539705e+06
5.490478897027950734e+06
1.506845424251893349e+07
4.158994581441141781e+05
5.510607897344741505e+05
2.270519291825009044e+06
2.108891475486751646e+06
1.902269646610309137e+05
3.337344023727579508e+06
1.027652088192144874e+06
8.822451743496296927e+06
3.704011814941961202e+05
3.313906134552402049e+07
5.372110755134576466e+05
2.770033450794406235e+07
1.133263724469121313e+06
2.084592611206514761e+06
3.286838838403131347e+06
3.828764724003713345e+05
1.150775897093470441e+06
6.972001693428147119e+05
5.106753483926760382e+05
9.407977276015009731e+06
3.055255241352407611e+05
4.350203915419363417e+06
3.139218825607900508e+05
6.133322852309190203e+05
2.071521142076769099e+07
4.362340352619468234e+06
7.367788406250670960e+04
1.566939855458706059e+07
4.428561806748492527e+05
1.968850481674645469e+07
5.697200749013567343e+06
1.225724397401999449e+06
1.558664481635172851e+07
1.820913042971667368e+06
1.797496927700348431e+06
1.044012166264160303e+06
4.721942241326551302e+05
1.787431182293320308e+05
8.153479311918879393e+05
1.519399448756057583e+07
3.139875683055112604e+06
1.958655637508236105e+05
1.226553419118866324e+06
8.752574147855658084e+06
8.847918118594177067e+06
5.683166450015612645e+05
3.347754096260479419e+05
9.110223577044401318e+06
1.805906736928193714e+05
4.498472700128472410e+06
2.720195506651173928e+05
2.253369203705359250e+06
1.806644509634697577e+06
1.116435609790061426e+05
1.322659663765502046e+05
2.600045759442443028e+06
6.821602009145291522e+06
5.022166637075304054e+06
1.636272744018354826e+07
3.603818354742497904e+05
1.368025644739559852e+06
2.579563949249094003e+05
5.624209543351725442e+05
3.173078704085997306e+05
9.583191618489035172e+05
2.181305275840295013e+06
6.548299451371050673e+05
1.331370029628623277e+07
5.726394456974363886e+06
1.160333617327363044e+07
1.425997287814699812e+05
4.014749613858256489e+05
3.277770845175660215e+06
